27,35,1
14,35,2
12,32,3
18,6,4
25,30,5
35,18,6
38,19,7
47,42,8
30,30,9
31,43,10
12,46,11
2,32,12
26,32,13
16,21,14
20,13,15
48,14,16
31,23,17
40,30,18
39,48,19
24,59,20
29,36,21
16,41,22
7,27,23
7,20,24
25,31,25
27,15,26
30,14,27
51,37,28
33,29,29
35,43,30
29,50,31
8,48,32
21,37,33
13,28,34
13,19,35
35,3,36
25,24,37
31,20,38
45,35,39
45,41,40
31,33,41
30,41,42
22,46,43
3,23,44
25,32,45
18,27,46
30,10,47
43,13,48
32,25,49
34,26,50
38,45,51
14,56,52
27,37,53
22,40,54
9,21,55
21,2,56
22,26,57
32,16,58
33,16,59
48,45,60
34,33,61
34,39,62
22,50,63
12,48,64
25,34,65
17,32,66
21,10,67
44,9,68
28,23,69
40,27,70
43,37,71
40,49,72
30,35,73
24,43,74
13,41,75
6,17,76
20,27,77
23,16,78
40,14,79
52,33,80
31,27,81
37,41,82
30,51,83
17,54,84
26,36,85
21,38,86
11,23,87
27,2,88
24,28,89
26,21,90
46,33,91
42,53,92
32,33,93
30,43,94
12,45,95
2,27,96
24,33,97
17,20,98
22,12,99
50,18,100
30,24,101
38,28,102
38,48,103
36,51,104
28,32,105
23,41,106
10,34,107
14,6,108
21,24,109
27,16,110
35,15,111
50,35,112
34,31,113
34,43,114
29,49,115
7,46,116
25,35,117
14,29,118
14,18,119
31,4,120
25,26,121
34,21,122
44,41,123
44,42,124
31,37,125
22,45,126
18,45,127
6,34,128
21,31,129
20,18,130
30,11,131
52,27,132
32,26,133
37,30,134
37,45,135
26,55,136
27,36,137
17,38,138
11,16,139
21,3,140
23,27,141
33,17,142
46,28,143
48,37,144
32,31,145
29,46,146
26,48,147
3,36,148
21,34,149
17,31,150
16,19,151
44,10,152
28,24,153
33,23,154
40,47,155
34,55,156
29,37,157
17,42,158
9,35,159
12,6,160
22,30,161
21,21,162
32,13,163
51,32,164
34,29,165
36,42,166
35,44,167
5,46,168
26,35,169
14,32,170
16,11,171
21,6,172
25,23,173
29,20,174
45,32,175
45,44,176
30,31,177
28,44,178
11,43,179
3,28,180
21,32,181
17,24,182
33,9,183
34,9,184
27,27,185
35,26,186
38,46,187
24,57,188
28,33,189
18,40,190
10,32,191
11,12,192
23,29,193
30,16,194
46,25,195
49,42,196
33,31,197
32,45,198
16,50,199
11,48,200
26,33,201
14,25,202
14,22,203
35,5,204
27,23,205
39,25,206
42,30,207
42,46,208
30,37,209
28,41,210
7,34,211
6,15,212
22,31,213
19,24,214
25,14,215
46,18,216
29,27,217
38,38,218
36,45,219
7,50,220
23,38,221
19,38,222
12,31,223
13,13,224
24,22,225
33,18,226
42,23,227
47,40,228
33,35,229
33,36,230
26,47,231
5,38,232
25,33,233
16,25,234
29,8,235
37,8,236
26,28,237
37,26,238
41,34,239
22,59,240
29,35,241
20,42,242
10,35,243
15,4,244
22,29,245
28,15,246
33,14,247
50,31,248
34,30,249
36,38,250
32,47,251
17,52,252
24,36,253
14,30,254
19,9,255
21,7,256
25,25,257
36,21,258
44,31,259
39,54,260
31,34,261
28,43,262
10,41,263
7,37,264
19,29,265
18,23,266
32,10,267
51,23,268
29,26,269
35,27,270
39,40,271
24,56,272
25,39,273
18,39,274
12,34,275
12,12,276
23,28,277
24,21,278
36,17,279
47,47,280
33,32,281
30,46,282
25,49,283
13,48,284
20,34,285
15,21,286
17,15,287
35,6,288
26,26,289
38,25,290
41,46,291
36,54,292
29,32,293
23,43,294
15,42,295
9,10,296
21,29,297
22,18,298
29,13,299
52,35,300
27,29,301
37,35,302
32,49,303
19,54,304
27,32,305
17,36,306
14,13,307
16,10,308
24,25,309
34,19,310
41,23,311
40,55,312
32,34,313
31,41,314
23,47,315
3,31,316
22,33,317
18,18,318
29,9,319
42,11,320
32,24,321
40,33,322
38,47,323
31,55,324
27,38,325
20,41,326
8,26,327
11,11,328
22,28,329
26,17,330
33,15,331
48,27,332
28,29,333
35,35,334
23,51,335
1,36,336
22,36,337
16,32,338
14,19,339
41,6,340
26,24,341
31,21,342
44,39,343
36,56,344
31,36,345
25,44,346
20,45,347
6,13,348
24,32,349
19,22,350
32,11,351
51,25,352
28,27,353
35,28,354
38,41,355
13,54,356
26,37,357
21,39,358
10,24,359
24,2,360
23,26,361
29,18,362
41,21,363
47,32,364
33,34,365
33,39,366
25,48,367
7,42,368
23,34,369
16,20,370
27,8,371
46,12,372
27,25,373
35,24,374
41,44,375
32,56,376
28,39,377
18,42,378
7,28,379
9,12,380
21,28,381
23,18,382
42,17,383
51,35,384
29,28,385
36,34,386
28,51,387
21,53,388
25,36,389
17,35,390
15,13,391
19,8,392
25,29,393
34,20,394
45,33,395
37,57,396
32,36,397
23,46,398
18,46,399
3,25,400
20,31,401
18,20,402
21,15,403
42,12,404
28,26,405
38,30,406
33,52,407
29,55,408
28,34,409
23,40,410
9,20,411
12,11,412
22,24,413
25,19,414
42,20,415
49,36,416
32,30,417
34,34,418
23,50,419
9,46,420
23,35,421
16,31,422
16,16,423
43,8,424
26,25,425
33,22,426
43,40,427
30,59,428
30,36,429
21,44,430
7,33,431
6,16,432
20,28,433
24,15,434
38,13,435
49,23,436
32,27,437
35,29,438
27,53,439
16,54,440
27,34,441
20,38,442
13,14,443
22,4,444
24,24,445
27,20,446
46,32,447
43,52,448
29,30,449
31,42,450
21,48,451
6,39,452
21,33,453
17,19,454
31,8,455
47,14,456
27,26,457
35,25,458
41,39,459
25,58,460
27,39,461
24,41,462
9,32,463
11,10,464
23,30,465
24,18,466
44,20,467
45,21,468
32,29,469
34,44,470
20,52,471
5,44,472
23,36,473
16,33,474
15,15,475
36,4,476
25,28,477
37,22,478
44,33,479
33,59,480
29,31,481
23,45,482
7,36,483
4,20,484
23,32,485
21,16,486
22,15,487
40,12,488
27,28,489
39,38,490
38,43,491
22,56,492
24,39,493
19,39,494
11,31,495
13,11,496
23,24,497
34,17,498
38,18,499
45,51,500
31,30,501
33,41,502
28,47,503
8,44,504
19,33,505
15,23,506
22,10,507
43,9,508
30,23,509
36,24,510
42,41,511
23,60,512
29,38,513
25,42,514
11,38,515
6,22,516
20,25,517
23,17,518
38,14,519
46,20,520
28,28,521
37,38,522
27,52,523
13,52,524
24,37,525
13,30,526
12,27,527
32,2,528
24,26,529
32,19,530
45,31,531
45,45,532
32,35,533
30,42,534
20,47,535
7,39,536
23,33,537
17,23,538
31,9,539
51,21,540
29,25,541
39,31,542
39,44,543
33,53,544
26,39,545
14,38,546
9,30,547
17,4,548
22,27,549
23,21,550
39,17,551
47,26,552
34,32,553
35,36,554
21,51,555
8,46,556
20,35,557
17,33,558
16,15,559
36,5,560
28,22,561
35,22,562
43,32,563
29,60,564
30,38,565
23,44,566
17,44,567
6,32,568
26,31,569
23,15,570
26,13,571
47,19,572
33,27,573
38,39,574
30,52,575
22,55,576
24,38,577
18,38,578
12,15,579
14,11,580
24,29,581
30,18,582
46,30,583
47,34,584
32,32,585
33,37,586
17,48,587
1,25,588
20,33,589
16,26,590
17,18,591
32,7,592
26,29,593
38,27,594
41,42,595
23,59,596
29,34,597
22,42,598
12,38,599
11,9,600
21,27,601
22,20,602
40,16,603
45,20,604
31,28,605
36,39,606
33,46,607
13,51,608
22,37,609
19,36,610
15,14,611
34,3,612
26,23,613
38,22,614
45,36,615
45,40,616
31,38,617
25,45,618
20,46,619
4,16,620
22,32,621
18,22,622
31,10,623
48,18,624
31,25,625
39,34,626
36,48,627
15,56,628
27,31,629
17,39,630
9,22,631
16,6,632
22,25,633
29,17,634
46,26,635
47,28,636
29,29,637
31,45,638
21,50,639
3,38,640
22,35,641
18,33,642
15,20,643
42,8,644
27,24,645
37,24,646
42,44,647
31,58,648
28,31,649
28,40,650
12,40,651
6,18,652
23,31,653
20,22,654
37,13,655
52,34,656
30,27,657
37,34,658
34,47,659
18,54,660
22,38,661
18,37,662
12,29,663
15,11,664
25,22,665
30,19,666
42,24,667
43,51,668
28,30,669
32,39,670
11,44,671
2,21,672
20,32,673
17,27,674
28,9,675
44,12,676
28,25,677
37,27,678
40,43,679
35,52,680
28,37,681
19,41,682
8,27,683
9,15,684
21,25,685
22,22,686
45,22,687
50,39,688
33,30,689
35,40,690
32,46,691
13,50,692
21,36,693
15,31,694
20,9,695
32,4,696
25,27,697
39,24,698
40,25,699
42,48,700
31,35,701
28,42,702
11,41,703
4,22,704
19,28,705
19,27,706
25,13,707
46,17,708
30,26,709
34,27,710
35,48,711
15,55,712
25,38,713
20,39,714
10,21,715
26,1,716
23,25,717
28,18,718
45,26,719
46,48,720
33,33,721
33,40,722
15,48,723
2,33,724
22,34,725
18,32,726
24,9,727
42,9,728
26,27,729
38,26,730
42,36,731
29,58,732
29,33,733
26,41,734
7,29,735
13,5,736
24,31,737
26,15,738
28,14,739
51,33,740
32,28,741
36,33,742
33,47,743
14,52,744
23,37,745
13,29,746
12,22,747
23,5,748
26,22,749
35,20,750
41,24,751
40,54,752
32,37,753
29,43,754
9,41,755
4,32,756
19,30,757
19,17,758
20,16,759
45,14,760
30,25,761
37,28,762
40,37,763
31,54,764
28,35,765
15,38,766
9,28,767
22,1,768
24,30,769
24,20,770
38,17,771
48,46,772
30,29,773
34,41,774
31,46,775
3,39,776
21,35,777
14,24,778
15,18,779
32,5,780
29,22,781
34,22,782
43,34,783
37,54,784
30,34,785
22,44,786
15,43,787
6,31,788
21,30,789
20,20,790
35,12,791
51,27,792
34,28,793
38,37,794
34,48,795
12,53,796
25,37,797
14,34,798
11,20,799
20,5,800
24,23,801
28,19,802
40,21,803
47,37,804
31,31,805
29,45,806
22,48,807
10,44,808
19,32,809
16,23,810
19,15,811
45,12,812
29,24,813
40,31,814
41,40,815
20,59,816
28,38,817
17,41,818
8,30,819
7,23,820
21,26,821
23,19,822
41,17,823
50,32,824
30,28,825
36,37,826
19,52,827
14,51,828
26,34,829
13,26,830
14,17,831
25,5,832
27,22,833
39,23,834
44,32,835
43,47,836
30,32,837
24,45,838
14,44,839
5,14,840
20,30,841
19,19,842
24,13,843
46,16,844
33,26,845
39,35,846
32,52,847
27,55,848
26,38,849
13,35,850
10,29,851
22,2,852
23,23,853
30,17,854
45,25,855
48,34,856
27,30,857
34,36,858
27,48,859
10,46,860
24,34,861
15,26,862
18,14,863
34,6,864
29,23,865
40,28,866
42,42,867
32,57,868
29,39,869
19,43,870
7,31,871
6,20,872
20,26,873
25,15,874
30,13,875
51,30,876
33,28,877
35,30,878
25,53,879
20,54,880
27,33,881
15,34,882
13,16,883
17,9,884
24,27,885
28,20,886
46,35,887
37,58,888
31,32,889
32,38,890
13,45,891
9,42,892
19,31,893
17,26,894
23,12,895
47,15,896
31,24,897
40,34,898
40,41,899
20,58,900
28,36,901
15,39,902
8,22,903
9,16,904
22,23,905
24,19,906
44,21,907
49,31,908
31,29,909
33,44,910
22,51,911
3,40,912
24,35,913
14,27,914
17,13,915
25,6,916
26,30,917
32,21,918
44,38,919
40,51,920
30,33,921
24,44,922
7,35,923
7,11,924
20,29,925
22,16,926
38,12,927
48,20,928
31,26,929
37,31,930
37,44,931
27,54,932
27,35,933
16,37,934
11,17,935
27,1,936
25,30,937
26,20,938
36,18,939
47,33,940
30,30,941
33,38,942
16,48,943
9,44,944
26,32,945
16,27,946
25,9,947
31,7,948
31,23,949
39,28,950
41,43,951
28,58,952
29,36,953
23,42,954
11,37,955
12,7,956
25,31,957
24,17,958
43,18,959
51,36,960
33,29,961
36,40,962
34,45,963
15,52,964
21,37,965
14,31,966
13,18,967
30,3,968
25,24,969
28,21,970
42,26,971
45,42,972
31,33,973
31,39,974
8,39,975
3,24,976
25,32,977
18,21,978
22,14,979
37,10,980
32,25,981
39,33,982
37,47,983
20,57,984
27,37,985
20,40,986
13,36,987
15,7,988
22,26,989
23,22,990
45,24,991
49,37,992
34,33,993
32,44,994
28,48,995
4,40,996
25,34,997
15,28,998
18,13,999
28,6,1000
28,23,1001
31,22,1002
43,39,1003
33,57,1004
30,35,1005
26,42,1006
10,38,1007
9,9,1008
20,27,1009
20,21,1010
33,12,1011
42,15,1012
31,27,1013
37,33,1014
35,46,1015
24,54,1016
26,36,1017
13,32,1018
11,25,1019
17,8,1020
24,28,1021
29,19,1022
43,25,1023
46,44,1024
32,33,1025
28,45,1026
16,47,1027
3,32,1028
24,33,1029
17,28,1030
27,9,1031
34,8,1032
30,24,1033
40,32,1034
41,38,1035
33,54,1036
28,32,1037
16,40,1038
12,37,1039
10,12,1040
23,30,1041
29,15,1042
36,15,1043
50,34,1044
32,29,1045
35,41,1046
33,45,1047
6,45,1048
23,36,1049
17,34,1050
13,24,1051
30,4,1052
25,28,1053
38,23,1054
44,34,1055
43,46,1056
29,31,1057
27,43,1058
15,44,1059
6,12,1060
23,32,1061
19,20,1062
29,11,1063
48,19,1064
27,28,1065
38,32,1066
30,53,1067
14,55,1068
24,39,1069
23,39,1070
10,27,1071
25,1,1072
23,24,1073
31,17,1074
39,19,1075
48,36,1076
31,30,1077
31,44,1078
18,49,1079
5,40,1080
19,33,1081
15,24,1082
21,11,1083
38,7,1084
30,23,1085
37,25,1086
42,40,1087
27,59,1088
29,38,1089
21,43,1090
13,40,1091
7,16,1092
20,25,1093
24,16,1094
40,15,1095
45,19,1096
28,28,1097
36,32,1098
23,53,1099
7,48,1100
24,37,1101
20,37,1102
12,26,1103
24,4,1104
24,26,1105
27,21,1106
42,25,1107
43,50,1108
32,35,1109
31,40,1110
12,44,1111
5,35,1112
23,33,1113
17,25,1114
32,9,1115
49,18,1116
29,25,1117
33,25,1118
40,39,1119
30,55,1120
26,39,1121
24,40,1122
9,29,1123
15,6,1124
22,27,1125
27,17,1126
36,16,1127
49,33,1128
34,32,1129
35,37,1130
25,50,1131
4,41,1132
20,35,1133
14,26,1134
21,9,1135
30,5,1136
